Eb: 0.9977401540146877
Ed: 1.2041709456317202
Es: 1.0
effective_wheelbase: 0.15963842464235004
left_wheel_radius: 0.02994323109593674
right_wheel_radius: 0.03605676890406327
theta1: 0.08551376503312179
theta2: 0.09974495642525796
theta_minus: -0.0071155956960680875
theta_plus: 0.09262936072918987
