BaseRate_ccw: 0.5490342854554413
BaseRate_cw: 0.9494524826237816
Baseline_ccw: 0.08784548567287061
Baseline_cw: 0.15191239721980507
Rleft_new: 0.03299608662528561
Rright_new: 0.0330039133747144
WheelRate: 1.0002372023542572
theta_ccw: -2.829973047450055
theta_cw: 0.3116196061397384
total_driven_distance: 0.18587378886878533
total_sim_time: 100.045
