Eb: 0.9974796952854098
Ed: 1.0435325410024698
Es: 1.0
effective_wheelbase: 0.29924390858562294
left_wheel_radius: 0.08808276667407493
right_wheel_radius: 0.09191723332592507
theta1: 0.013364816118851972
theta2: 0.029240368901705296
theta_minus: -0.007937776391426662
theta_plus: 0.021302592510278634
