Eb: 0.9996941541951195
Ed: 1.044913743879796
Es: 1.0
effective_wheelbase: 0.29990824625853585
left_wheel_radius: 0.0880232726386237
right_wheel_radius: 0.09197672736137628
theta1: 0.02100250045519482
theta2: 0.022924774242056287
theta_minus: -0.0009611368934307335
theta_plus: 0.021963637348625553
