Eb: 1.0071735806788642
Ed: 1.512200024857448
Es: 1.0
effective_wheelbase: 0.1611477729086183
left_wheel_radius: 0.026271793387051295
right_wheel_radius: 0.03972820661294871
theta1: 0.22626100153622164
theta2: 0.18150909621824546
theta_minus: 0.02237595265898809
theta_plus: 0.20388504887723355
