Eb: 1.0046710375930485
Ed: 1.1690868641649934
Es: 1.0000000000000002
effective_wheelbase: 0.16074736601488776
left_wheel_radius: 0.030427550454696615
right_wheel_radius: 0.035572449545303385
theta1: 0.09255928747062374
theta2: 0.06334674557806629
theta_minus: 0.014606270946278727
theta_plus: 0.07795301652434501
