Eb: 0.9979006586504576
Ed: 1.0441265408106208
Es: 1.0000000000000002
effective_wheelbase: 0.15966410538407322
left_wheel_radius: 0.03228762930392117
right_wheel_radius: 0.03371237069607884
theta1: 0.014977840566819028
theta2: 0.02819614101371654
theta_minus: -0.006609150223448755
theta_plus: 0.021586990790267782
