Eb: 0.9725447714995183
Ed: 1.2563289474046686
Es: 1.0000000000000002
effective_wheelbase: 0.15560716343992295
left_wheel_radius: 0.02925105405216566
right_wheel_radius: 0.03674894594783435
theta1: 0.024916326558109443
theta2: 0.20229251876518417
theta_minus: -0.08868809610353737
theta_plus: 0.1136044226616468
