BaseRate_ccw: 0.5437428701553422
BaseRate_cw: 0.9547438979238807
Baseline_ccw: 0.08699885922485474
Baseline_cw: 0.1527590236678209
Rleft_new: 0.03299560718578805
Rright_new: 0.033004392814211955
WheelRate: 1.0002662666085953
theta_ccw: -2.863252388960112
theta_cw: 0.27834026462968126
total_driven_distance: 0.37351271147138054
total_sim_time: 199.785
