Eb: 0.9834287596535752
Ed: 1.189214640729563
Es: 1.0
effective_wheelbase: 0.15734860154457203
left_wheel_radius: 0.030147797649482777
right_wheel_radius: 0.03585220235051722
theta1: 0.03349305020471376
theta2: 0.1393676983114816
theta_minus: -0.052937324053383916
theta_plus: 0.08643037425809769
