Eb: 0.9996223825406675
Ed: 1.0431274742565464
Es: 1.0
effective_wheelbase: 0.29988671476220025
left_wheel_radius: 0.08810022980357525
right_wheel_radius: 0.09189977019642477
theta1: 0.01992178935748602
theta2: 0.022295326118619622
theta_minus: -0.0011867683805668015
theta_plus: 0.02110855773805282
