Eb: 0.9986014155281315
Ed: 1.0474588089272476
Es: 0.9999999999999999
effective_wheelbase: 0.2995804246584394
left_wheel_radius: 0.08791385654020058
right_wheel_radius: 0.09208614345979942
theta1: 0.0187794353905969
theta2: 0.027579308160501352
theta_minus: -0.0043999363849522265
theta_plus: 0.023179371775549126
