Eb: 0.9689579221238461
Ed: 1.317249954613139
Es: 1.0
effective_wheelbase: 0.1550332675398154
left_wheel_radius: 0.02848203745504813
right_wheel_radius: 0.03751796254495187
theta1: 0.036262136743337774
theta2: 0.23755377507192732
theta_minus: -0.10064581916429477
theta_plus: 0.13690795590763255
