Eb: 0.9567525332389476
Ed: 1.5416940338340641
Es: 1.0
effective_wheelbase: 0.1530804053182316
left_wheel_radius: 0.025966933518131258
right_wheel_radius: 0.040033066481868745
theta1: 0.07111584326444347
theta2: 0.35513061018214703
theta_minus: -0.14200738345885178
theta_plus: 0.21312322672329526
