BaseRate_ccw: 0.5932156918152699
BaseRate_cw: 0.905271076263953
Baseline_ccw: 0.09491451069044318
Baseline_cw: 0.14484337220223248
Rleft_new: 0.032997373570766465
Rright_new: 0.03300262642923354
WheelRate: 1.0001591901990563
theta_ccw: -2.5521025671995603
theta_cw: 0.589490086390233
total_driven_distance: 0.5574807718315246
total_sim_time: 263.23600000000005
