BaseRate_ccw: 0.5788239038139662
BaseRate_cw: 0.9196628642652567
Baseline_ccw: 0.0926118246102346
Baseline_cw: 0.14714605828244107
Rleft_new: 0.03299734301102209
Rright_new: 0.03300265698897791
WheelRate: 1.0001610426013405
theta_ccw: -2.6426169571448668
theta_cw: 0.4989756964449263
total_driven_distance: 0.372797969516235
total_sim_time: 175.582
