BaseRate_ccw: 0.5937059305238752
BaseRate_cw: 0.9047808375553477
Baseline_ccw: 0.09499294888382004
Baseline_cw: 0.14476493400885562
Rleft_new: 0.03299801669765578
Rright_new: 0.033001983302344225
WheelRate: 1.0001202073665452
theta_ccw: -2.5490193048812877
theta_cw: 0.5925733487085054
total_driven_distance: 0.18602496926834383
total_sim_time: 87.98
