BaseRate_ccw: 0.6561799086097044
BaseRate_cw: 0.8423068594695184
Baseline_ccw: 0.10498878537755271
Baseline_cw: 0.13476909751512295
Rleft_new: 0.03299555801158274
Rright_new: 0.03300444198841727
WheelRate: 1.0002692476615007
theta_ccw: -2.156101203712551
theta_cw: 0.9854914498772426
total_driven_distance: 0.9310174550184693
total_sim_time: 478.704
