BaseRate_ccw: 0.6117513148242588
BaseRate_cw: 0.8867354532549641
Baseline_ccw: 0.09788021037188141
Baseline_cw: 0.14187767252079425
Rleft_new: 0.03299803728650395
Rright_new: 0.03300196271349605
WheelRate: 1.0001189594083433
theta_ccw: -2.4355263218600074
theta_cw: 0.706066331729786
total_driven_distance: 0.7431524532845728
total_sim_time: 350.857
