Eb: 0.9984789630596778
Ed: 1.0471656231388906
Es: 1.0000000000000002
effective_wheelbase: 0.29954368891790334
left_wheel_radius: 0.08792644716454769
right_wheel_radius: 0.09207355283545232
theta1: 0.01825371815752634
theta2: 0.027825233741414008
theta_minus: -0.004785757791943833
theta_plus: 0.023039475949470173
