Eb: 0.9647667329406069
Ed: 1.3348079959089403
Es: 1.0
effective_wheelbase: 0.1543626772704971
left_wheel_radius: 0.028267849054674072
right_wheel_radius: 0.03773215094532593
theta1: 0.02866759546402329
theta2: 0.25812943152542694
theta_minus: -0.11473091803070183
theta_plus: 0.14339851349472513
