Eb: 0.9994031316093145
Ed: 1.0821012021026308
Es: 1.0
effective_wheelbase: 0.15990450105749032
left_wheel_radius: 0.03169874736797099
right_wheel_radius: 0.03430125263202901
theta1: 0.03755566072224696
theta2: 0.04130813515829922
theta_minus: -0.0018762372180261278
theta_plus: 0.03943189794027309
total_driven_distance: 4.544147374785694
total_sim_time: 48.343
