BaseRate_ccw: 0.5450435083617733
BaseRate_cw: 0.9534432597174496
Baseline_ccw: 0.08720696133788373
Baseline_cw: 0.15255092155479194
Rleft_new: 0.032995608905969184
Rright_new: 0.03300439109403082
WheelRate: 1.0002661623274376
theta_ccw: -2.8550722744542556
theta_cw: 0.28652037913553746
total_driven_distance: 3.015928947446201
total_sim_time: 199.80800000000002
