BaseRate_ccw: 0.7283608376912722
BaseRate_cw: 0.7701259303879506
Baseline_ccw: 0.11653773403060357
Baseline_cw: 0.12322014886207211
Rleft_new: 0.03299558641456318
Rright_new: 0.03300441358543683
WheelRate: 1.0002675258067166
theta_ccw: -1.7021330962813068
theta_cw: 1.4394595573084865
total_driven_distance: 1.1165044566052684
total_sim_time: 598.875
