BaseRate_ccw: 0.6426822221434232
BaseRate_cw: 0.8558045459357997
Baseline_ccw: 0.1028291555429477
Baseline_cw: 0.13692872734972794
Rleft_new: 0.032995535692258125
Rright_new: 0.033004464307741885
WheelRate: 1.0002706007129885
theta_ccw: -2.240992313563376
theta_cw: 0.9006003400264174
total_driven_distance: 0.9312195608775755
total_sim_time: 478.781
