BaseRate_ccw: 0.5974704984620064
BaseRate_cw: 0.9010162696172165
Baseline_ccw: 0.09559527975392103
Baseline_cw: 0.14416260313875465
Rleft_new: 0.0329955793752726
Rright_new: 0.0330044206247274
WheelRate: 1.0002679525446196
theta_ccw: -2.5253427769685133
theta_cw: 0.6162498766212802
total_driven_distance: 0.7439301608921149
total_sim_time: 383.183
