Eb: 0.9791966214999553
Ed: 1.542183396873375
Es: 1.0
effective_wheelbase: 0.15667145943999286
left_wheel_radius: 0.02596193495763258
right_wheel_radius: 0.040038065042367434
theta1: 0.14653045135708215
theta2: 0.2800189451500345
theta_minus: -0.06674424689647618
theta_plus: 0.21327469825355833
